x10=[14.60;15.255;4.3295;-4.4784];
x20=[13.07;15.32;-3.641;13.17];
x30=[13.4035;24.5288;9.3474;11.2783];
x40=[9.19;23.8449;0.9848;1.5047];
t_delay=0.1;